notNew
-317 500 75 150 90 100 100 100 1 false false 1.0
Weapon Sword
Wall -317 650 0 0 false
Wall -1217 -850 900 2300 true
Wall -317 650 1900 600 true
Wall -317 -950 1900 600 true
Wall 83 550 100 100 true
Wall 583 350 100 300 true
Spike 1083 550 100 100 10
Wall 1583 350 700 1000 true
Wall 1583 -950 100 1000 true
Wall 1683 -1250 600 1100 false
Wall 2283 550 2000 600 false
Spike 2283 450 2000 100 40
Wall 2683 -350 200 500 true
Wall 2283 -1550 1300 900 false
Wall 3533 -650 50 100 false
Wall 2883 50 100 50 true
Wall 3483 -50 400 50 false
Wall 3583 -1550 600 600 false
Wall 3883 -1550 900 900 false
Wall 4283 350 300 600 true
Wall 4583 0 1000 1500 true
Wall 4583 -1350 1000 1100 false
Crystal 4433 300 50 50 Health
Wall 5583 -1350 1500 800 false
Wall 5583 450 1500 1500 true
Wall 4583 -50 1100 50 true
Wall 6883 -50 1200 50 false
Wall 7083 -4350 1000 4100 false
Wall 7083 0 100 2000 false
Wall 4583 -50 1175 50 true
Wall 6983 -50 1100 50 false
Wall 7083 -5350 1000 4900 false
Wall 7083 0 1000 2000 false
Wall 10093 -3950 1790 6000 false
Spike 10083 -3950 10 4600 40
Wall 10093 -6350 1790 2200 false
Spike 10083 -4350 10 200 40
Wall 8083 660 2010 1000 false
Spike 8683 650 1410 10 40
Wall 8083 -6350 2010 2000 false
Spike 8093 -4350 2000 10 40
Spike 8083 -3100 10 2500 40
Wall 8503 -30 180 1500 true
Wall 8503 -600 180 375 false
Wall 8083 -660 600 200 false
Spike 8483 -30 20 500 40
Spike 8483 -450 20 225 40
Wall 8883 250 900 50 true
Wall 9733 -250 50 500 false
Wall 9683 -1150 50 300 false
Wall 9733 -1150 200 50 false
Crystal 9783 -1200 50 50 Health
Crystal 9833 -1200 50 50 Energy
Spike 8683 -650 10 300 40
Wall 9583 -300 200 50 true
Crystal 8423 -720 50 50 Health
Crystal 8243 -720 50 50 Health
Crystal 8303 -720 50 50 Energy
Crystal 8363 -720 50 50 Energy
Wall 8183 -2350 50 1690 false
Wall 9183 -2350 50 1500 false
Spike 9233 -2350 10 1500 40
Spike 8173 -2350 10 1690 40
Wall 8483 -2750 400 50 true
Wall 8283 -3000 1200 50 false
Spike 8683 -3010 700 10 40
Wall 9783 -2710 200 40 false
Spike 9383 -2670 10 200 40
Wall 8683 -3950 50 1150 false
Wall 8483 -3800 200 20 true
Wall 8483 -3600 200 20 true
Wall 8483 -3400 200 20 true
Wall 8483 -3200 200 20 true
Wall 8083 -4000 200 20 true
Wall 8083 -3800 200 20 true
Wall 8083 -3600 200 20 true
Wall 8083 -3400 200 20 true
Wall 8083 -3200 200 20 true
Wall 9083 -4350 50 500 false
Wall 9583 -4350 50 420 false
Wall 11883 -2950 1500 800 true
Wall 11883 -5550 700 800 false
Spike 11883 -4750 700 10 40
Wall 12683 -5550 700 800 false
Spike 12683 -4750 700 10 40
Wall 13383 -5550 1000 6200 false
Wall 11883 -3900 100 50 true
Wall 10883 -6750 4300 800 false
Crystal 11883 -5600 50 50 Health
Crystal 11983 -5600 50 50 Health
Crystal 12083 -5600 50 50 Energy
Crystal 12183 -5600 50 50 Energy
Wall 12683 -5600 600 50 true
Crystal 12883 -5650 50 50 Energy
Crystal 12983 -5650 50 50 Energy
Wall 10883 -6750 5000 800 false
Wall 15183 -6350 1000 6800 false
Spike 14683 -5560 50 50 100
Wall 14703 -5535 1 1 false
Spike 14883 -5700 50 50 100
Wall 14903 -5670 1 1 false
Spike 14883 -5700 50 50 100
Wall 14903 -5670 1 1 false
Spike 14783 -5750 50 50 100
Wall 14803 -5720 1 1 false
Spike 14383 -5360 630 10 100
Wall 14383 -5350 630 50 false
Wall 14683 -5050 200 50 true
Spike 14483 -4750 50 50 100
Wall 14503 -4730 1 1 false
Spike 14483 -3850 50 50 100
Wall 14503 -3830 1 1 false
Spike 14583 -2850 50 50 100
Wall 14603 -2830 1 1 false
Spike 15083 -4850 50 50 100
Wall 15103 -4830 1 1 false
Spike 15083 -3550 50 50 100
Wall 15103 -3530 1 1 false
Spike 14983 -1950 50 50 100
Wall 15003 -2030 1 1 false
Spike 14583 -4150 50 50 100
Wall 14603 -4130 1 1 false
Spike 14583 -3250 50 50 100
Wall 14603 -3230 1 1 false
Spike 14583 -4150 50 50 100
Wall 14603 -4130 1 1 false
Spike 14783 -3050 50 50 100
Wall 14803 -3030 1 1 false
Spike 14383 -2550 50 50 100
Wall 14403 -2630 1 1 false
Spike 14783 -4950 50 50 100
Wall 14803 -4930 1 1 false
Spike 14983 -4550 50 50 100
Wall 15003 -4530 1 1 false
Spike 14783 -3450 50 50 100
Wall 14803 -3430 1 1 false
Spike 14783 -2450 50 50 100
Wall 14803 -2430 1 1 false
Spike 14383 -5300 10 2950 200
Spike 15173 -5200 10 3850 200
Spike 14383 -2360 310 10 200
Spike 14683 -2350 10 100 200
Spike 14683 -2050 10 100 200
Spike 14583 -1950 10 600 200
Spike 14583 -1360 330 10 200
Spike 14983 -1360 200 10 200
Wall 14383 -2350 300 100 false
Wall 14483 -2050 200 100 false
Wall 14483 -1950 100 700 false
Wall 14983 -1350 200 100 false
Wall 14583 -1350 330 100 false
Wall 14783 -950 400 100 true
Crystal 14933 -1000 50 50 Health
Crystal 14983 -1000 50 50 Energy
Crystal 15033 -1000 50 50 Health
Crystal 15083 -1000 50 50 Energy
Wall 14383 -350 600 100 false
Spike 15173 -50 10 400 50
Spike 14383 -50 10 200 50
Spike 14483 340 700 10 50
Wall 14483 350 700 100 false
Wall 14783 -50 50 300 false
Wall 13183 650 5500 700 true
Wall 16183 -1350 1000 1800 false
Wall 17183 -1350 1500 1200 false
Crystal 17433 600 50 50 Health
Crystal 17483 600 50 50 Energy
Crystal 17533 600 50 50 Health
Crystal 17383 600 50 50 Energy
Wall 17583 50 100 600 false
Wall 17783 -150 50 70 false
Wall 18683 -1350 1500 1200 false
Wall 18683 150 1500 1500 false
Wall 18883 100 1000 50 true
Wall 20183 -1350 2000 1000 false
Wall 20183 650 2000 700 false
Wall 22183 -1350 2000 3000 false
Wall 21483 250 300 100 false
Crystal 21733 200 50 50 Energy
Wall 20683 -100 300 100 false
Crystal 20683 -150 50 50 Health
Slime 1738 250 100 100 100 100 15 100 1883 250
Slime 2738 -450 100 100 100 100 15 100 2683 -450
Slime 3523 -150 100 100 100 100 15 100 3583 -150
Slime 8323 560 100 100 100 100 40 100 8183 550
Slime 8273 560 100 100 100 100 40 100 8183 550
Slime 8223 560 100 100 100 100 40 100 8183 550
Slime 8173 560 100 100 100 100 40 100 8183 550
Mosquito 8683 -2250 50 50 50 50 20 100 8683 -2250
Mosquito 8683 -2050 50 50 50 50 20 100 8683 -2050
Mosquito 8683 -1850 50 50 50 50 20 100 8683 -1850
Mosquito 8683 -1450 50 50 50 50 20 100 8683 -1450
Mosquito 8683 -1350 50 50 50 50 20 100 8683 -1350
Mosquito 8683 -1150 50 50 50 50 20 100 8683 -1150
Mosquito 9381 -4050 50 50 50 50 40 100 9283 -4050
Mosquito 8887 -3950 50 50 50 50 40 100 8683 -4000
Jumper 14601 -500 150 150 300 300 40 100 14583 -550
Jumper 14801 -500 150 150 300 300 40 100 14783 -550
Jumper 14401 -500 150 150 300 300 40 100 14383 -550
Slime 14773 -450 100 100 100 100 40 100 14733 -450
Slime 14673 -450 100 100 100 100 40 100 14833 -450
Mosquito 14883 -200 50 50 50 50 20 100 14483 -150
Jumper 17815 500 150 150 300 300 40 100 17783 300
Jumper 18015 500 150 150 300 300 40 100 17983 300
Jumper 18415 500 150 150 300 300 40 100 18383 300
Slime 18238 550 100 100 100 100 40 100 17783 500
Shop 8083 -3900 200 100 Damage 7500
Shop 8083 -3700 200 100 Health 5000
Shop 8483 -3700 200 100 Energy 5000
Shop 8083 -3500 200 100 TripleJump 12000
Shop 8483 -3500 200 100 Rocket 12000
Shop 8083 -3300 200 100 Hammer 6000
Shop 8483 -3300 200 100 Bow 7500
Hitbox 5833 50 1000 400
Hitbox 11983 -3750 1250 675
Hitbox 20283 50 1750 500
