5500 500 75 150 200 200
Wall 200 800 500 300 true
Wall 700 300 400 1000 true
Wall 1300 400 500 100 true
Wall -200 1500 10000 200 false
Wall -200 -1000 200 3000 false
Wall 8000 -1000 200 3000 false
Wall 1500 400 100 400 true
Wall 1500 1090 100 400 true
Wall 2000 1100 800 200 true
Crystal 3800 500 50 100 Energy
Crystal 6100 1100 50 100 Health
Spike 1490 400 10 400
Spike 1490 1090 10 400
Spike 700 -300 200 200
Wall 3000 1000 100 500 true
Wall 3500 1000 100 50 true
Wall 4000 1000 100 500 true
Wall 2000 600 2000 100 true
Wall 0 0 8000 100 false
Wall 6000 1200 500 2100 true
Wall 6500 1300 500 2200 true
Wall 700 1200 500 2100 true
Wall 7500 1300 500 2100 true
Spike 3100 1400 900 100
Mosquito 2400 800 100 100 100 100 20 100 5500 500
Mosquito 2800 900 100 100 100 100 20 100 5500 500
Jumper 7000 500 100 100 100 100 40 100 5500 500
Jumper 7000 400 100 100 100 100 40 100 5500 500
Slime 750 200 100 100 100 100 15 100 5500 500
Slime 900 800 100 100 100 100 15 100 5500 500
Mosquito 2000 700 100 100 100 100 20 100 5500 500

